SiO2(20A)/Si-JAW				
VASEmethod[Normal Fit Generation for sio2(20)_si-jaw.dat and unsaved model, EllipsometerType=0, PolRT=45.00, WVASE=3.474, Wed Sep 19 09:06:43 2007]
Original[sio2(20a)_si-jaw(200-900nm).dat]
nm
uR	200.000000	0.000000	0.65107	0.0001
uR	201.000000	0.000000	0.651471	0.0001
uR	202.000000	0.000000	0.651919	0.0001
uR	203.000000	0.000000	0.652406	0.0001
uR	204.000000	0.000000	0.652928	0.0001
uR	205.000000	0.000000	0.653478	0.0001
uR	206.000000	0.000000	0.654052	0.0001
uR	207.000000	0.000000	0.654644	0.0001
uR	208.000000	0.000000	0.655249	0.0001
uR	209.000000	0.000000	0.655861	0.0001
uR	210.000000	0.000000	0.656475	0.0001
uR	211.000000	0.000000	0.657086	0.0001
uR	212.000000	0.000000	0.657691	0.0001
uR	213.000000	0.000000	0.658284	0.0001
uR	214.000000	0.000000	0.658863	0.0001
uR	215.000000	0.000000	0.659421	0.0001
uR	216.000000	0.000000	0.659958	0.0001
uR	217.000000	0.000000	0.66047	0.0001
uR	218.000000	0.000000	0.660956	0.0001
uR	219.000000	0.000000	0.661416	0.0001
uR	220.000000	0.000000	0.661853	0.0001
uR	221.000000	0.000000	0.662275	0.0001
uR	222.000000	0.000000	0.662693	0.0001
uR	223.000000	0.000000	0.663119	0.0001
uR	224.000000	0.000000	0.66353	0.0001
uR	225.000000	0.000000	0.66383	0.0001
uR	226.000000	0.000000	0.663769	0.0001
uR	227.000000	0.000000	0.663022	0.0001
uR	228.000000	0.000000	0.661256	0.0001
uR	229.000000	0.000000	0.658331	0.0001
uR	230.000000	0.000000	0.65451	0.0001
uR	231.000000	0.000000	0.650243	0.0001
uR	232.000000	0.000000	0.646146	0.0001
uR	233.000000	0.000000	0.642696	0.0001
uR	234.000000	0.000000	0.640172	0.0001
uR	235.000000	0.000000	0.638637	0.0001
uR	236.000000	0.000000	0.637951	0.0001
uR	237.000000	0.000000	0.637959	0.0001
uR	238.000000	0.000000	0.638515	0.0001
uR	239.000000	0.000000	0.63952	0.0001
uR	240.000000	0.000000	0.640877	0.0001
uR	241.000000	0.000000	0.642536	0.0001
uR	242.000000	0.000000	0.64446	0.0001
uR	243.000000	0.000000	0.646624	0.0001
uR	244.000000	0.000000	0.649011	0.0001
uR	245.000000	0.000000	0.651604	0.0001
uR	246.000000	0.000000	0.654394	0.0001
uR	247.000000	0.000000	0.657367	0.0001
uR	248.000000	0.000000	0.660512	0.0001
uR	249.000000	0.000000	0.663813	0.0001
uR	250.000000	0.000000	0.667256	0.0001
uR	251.000000	0.000000	0.670824	0.0001
uR	252.000000	0.000000	0.674496	0.0001
uR	253.000000	0.000000	0.67825	0.0001
uR	254.000000	0.000000	0.682058	0.0001
uR	255.000000	0.000000	0.685895	0.0001
uR	256.000000	0.000000	0.689731	0.0001
uR	257.000000	0.000000	0.693539	0.0001
uR	258.000000	0.000000	0.697291	0.0001
uR	259.000000	0.000000	0.700958	0.0001
uR	260.000000	0.000000	0.704516	0.0001
uR	261.000000	0.000000	0.707941	0.0001
uR	262.000000	0.000000	0.711211	0.0001
uR	263.000000	0.000000	0.714309	0.0001
uR	264.000000	0.000000	0.717223	0.0001
uR	265.000000	0.000000	0.719945	0.0001
uR	266.000000	0.000000	0.722464	0.0001
uR	267.000000	0.000000	0.724784	0.0001
uR	268.000000	0.000000	0.726916	0.0001
uR	269.000000	0.000000	0.728867	0.0001
uR	270.000000	0.000000	0.730615	0.0001
uR	271.000000	0.000000	0.732149	0.0001
uR	272.000000	0.000000	0.733425	0.0001
uR	273.000000	0.000000	0.734321	0.0001
uR	274.000000	0.000000	0.734715	0.0001
uR	275.000000	0.000000	0.734537	0.0001
uR	276.000000	0.000000	0.733622	0.0001
uR	277.000000	0.000000	0.732067	0.0001
uR	278.000000	0.000000	0.730029	0.0001
uR	279.000000	0.000000	0.727646	0.0001
uR	280.000000	0.000000	0.725261	0.0001
uR	281.000000	0.000000	0.723	0.0001
uR	282.000000	0.000000	0.720916	0.0001
uR	283.000000	0.000000	0.718898	0.0001
uR	284.000000	0.000000	0.716658	0.0001
uR	285.000000	0.000000	0.714021	0.0001
uR	286.000000	0.000000	0.710609	0.0001
uR	287.000000	0.000000	0.706526	0.0001
uR	288.000000	0.000000	0.701502	0.0001
uR	289.000000	0.000000	0.695889	0.0001
uR	290.000000	0.000000	0.689579	0.0001
uR	291.000000	0.000000	0.682936	0.0001
uR	292.000000	0.000000	0.676001	0.0001
uR	293.000000	0.000000	0.669011	0.0001
uR	294.000000	0.000000	0.662083	0.0001
uR	295.000000	0.000000	0.655329	0.0001
uR	296.000000	0.000000	0.648831	0.0001
uR	297.000000	0.000000	0.642664	0.0001
uR	298.000000	0.000000	0.63682	0.0001
uR	299.000000	0.000000	0.63136	0.0001
uR	300.000000	0.000000	0.626253	0.0001
uR	301.000000	0.000000	0.621482	0.0001
uR	302.000000	0.000000	0.617088	0.0001
uR	303.000000	0.000000	0.612989	0.0001
uR	304.000000	0.000000	0.609188	0.0001
uR	305.000000	0.000000	0.605684	0.0001
uR	306.000000	0.000000	0.602417	0.0001
uR	307.000000	0.000000	0.599382	0.0001
uR	308.000000	0.000000	0.596578	0.0001
uR	309.000000	0.000000	0.593957	0.0001
uR	310.000000	0.000000	0.591505	0.0001
uR	311.000000	0.000000	0.589239	0.0001
uR	312.000000	0.000000	0.587115	0.0001
uR	313.000000	0.000000	0.585122	0.0001
uR	314.000000	0.000000	0.583259	0.0001
uR	315.000000	0.000000	0.581519	0.0001
uR	316.000000	0.000000	0.579883	0.0001
uR	317.000000	0.000000	0.578343	0.0001
uR	318.000000	0.000000	0.576896	0.0001
uR	319.000000	0.000000	0.57554	0.0001
uR	320.000000	0.000000	0.574262	0.0001
uR	321.000000	0.000000	0.573056	0.0001
uR	322.000000	0.000000	0.571919	0.0001
uR	323.000000	0.000000	0.570852	0.0001
uR	324.000000	0.000000	0.56985	0.0001
uR	325.000000	0.000000	0.568908	0.0001
uR	326.000000	0.000000	0.568023	0.0001
uR	327.000000	0.000000	0.567195	0.0001
uR	328.000000	0.000000	0.566423	0.0001
uR	329.000000	0.000000	0.565709	0.0001
uR	330.000000	0.000000	0.565051	0.0001
uR	331.000000	0.000000	0.564447	0.0001
uR	332.000000	0.000000	0.563899	0.0001
uR	333.000000	0.000000	0.563407	0.0001
uR	334.000000	0.000000	0.562973	0.0001
uR	335.000000	0.000000	0.562597	0.0001
uR	336.000000	0.000000	0.562282	0.0001
uR	337.000000	0.000000	0.562031	0.0001
uR	338.000000	0.000000	0.561848	0.0001
uR	339.000000	0.000000	0.561732	0.0001
uR	340.000000	0.000000	0.561686	0.0001
uR	341.000000	0.000000	0.561712	0.0001
uR	342.000000	0.000000	0.561815	0.0001
uR	343.000000	0.000000	0.561996	0.0001
uR	344.000000	0.000000	0.562261	0.0001
uR	345.000000	0.000000	0.562614	0.0001
uR	346.000000	0.000000	0.563061	0.0001
uR	347.000000	0.000000	0.563608	0.0001
uR	348.000000	0.000000	0.564263	0.0001
uR	349.000000	0.000000	0.565038	0.0001
uR	350.000000	0.000000	0.565944	0.0001
uR	351.000000	0.000000	0.566998	0.0001
uR	352.000000	0.000000	0.568214	0.0001
uR	353.000000	0.000000	0.56961	0.0001
uR	354.000000	0.000000	0.571202	0.0001
uR	355.000000	0.000000	0.572999	0.0001
uR	356.000000	0.000000	0.575003	0.0001
uR	357.000000	0.000000	0.577198	0.0001
uR	358.000000	0.000000	0.579549	0.0001
uR	359.000000	0.000000	0.581996	0.0001
uR	360.000000	0.000000	0.584452	0.0001
uR	361.000000	0.000000	0.586807	0.0001
uR	362.000000	0.000000	0.58894	0.0001
uR	363.000000	0.000000	0.590731	0.0001
uR	364.000000	0.000000	0.592069	0.0001
uR	365.000000	0.000000	0.59287	0.0001
uR	366.000000	0.000000	0.593076	0.0001
uR	367.000000	0.000000	0.592662	0.0001
uR	368.000000	0.000000	0.59163	0.0001
uR	369.000000	0.000000	0.589956	0.0001
uR	370.000000	0.000000	0.587698	0.0001
uR	371.000000	0.000000	0.584984	0.0001
uR	372.000000	0.000000	0.581889	0.0001
uR	373.000000	0.000000	0.57849	0.0001
uR	374.000000	0.000000	0.574856	0.0001
uR	375.000000	0.000000	0.57105	0.0001
uR	376.000000	0.000000	0.567127	0.0001
uR	377.000000	0.000000	0.563133	0.0001
uR	378.000000	0.000000	0.559103	0.0001
uR	379.000000	0.000000	0.555079	0.0001
uR	380.000000	0.000000	0.551086	0.0001
uR	381.000000	0.000000	0.547136	0.0001
uR	382.000000	0.000000	0.543239	0.0001
uR	383.000000	0.000000	0.539403	0.0001
uR	384.000000	0.000000	0.535633	0.0001
uR	385.000000	0.000000	0.53195	0.0001
uR	386.000000	0.000000	0.528365	0.0001
uR	387.000000	0.000000	0.524864	0.0001
uR	388.000000	0.000000	0.521449	0.0001
uR	389.000000	0.000000	0.518123	0.0001
uR	390.000000	0.000000	0.514888	0.0001
uR	391.000000	0.000000	0.511775	0.0001
uR	392.000000	0.000000	0.508768	0.0001
uR	393.000000	0.000000	0.505854	0.0001
uR	394.000000	0.000000	0.503031	0.0001
uR	395.000000	0.000000	0.500299	0.0001
uR	396.000000	0.000000	0.497683	0.0001
uR	397.000000	0.000000	0.495169	0.0001
uR	398.000000	0.000000	0.492736	0.0001
uR	399.000000	0.000000	0.490382	0.0001
uR	400.000000	0.000000	0.488102	0.0001
uR	401.000000	0.000000	0.485933	0.0001
uR	402.000000	0.000000	0.483828	0.0001
uR	403.000000	0.000000	0.481783	0.0001
uR	404.000000	0.000000	0.479795	0.0001
uR	405.000000	0.000000	0.477884	0.0001
uR	406.000000	0.000000	0.476029	0.0001
uR	407.000000	0.000000	0.474217	0.0001
uR	408.000000	0.000000	0.472447	0.0001
uR	409.000000	0.000000	0.470734	0.0001
uR	410.000000	0.000000	0.469062	0.0001
uR	411.000000	0.000000	0.467422	0.0001
uR	412.000000	0.000000	0.465812	0.0001
uR	413.000000	0.000000	0.464251	0.0001
uR	414.000000	0.000000	0.462716	0.0001
uR	415.000000	0.000000	0.461206	0.0001
uR	416.000000	0.000000	0.459724	0.0001
uR	417.000000	0.000000	0.458278	0.0001
uR	418.000000	0.000000	0.456851	0.0001
uR	419.000000	0.000000	0.455444	0.0001
uR	420.000000	0.000000	0.45407	0.0001
uR	421.000000	0.000000	0.452717	0.0001
uR	422.000000	0.000000	0.45138	0.0001
uR	423.000000	0.000000	0.450067	0.0001
uR	424.000000	0.000000	0.448778	0.0001
uR	425.000000	0.000000	0.447504	0.0001
uR	426.000000	0.000000	0.446247	0.0001
uR	427.000000	0.000000	0.445017	0.0001
uR	428.000000	0.000000	0.443799	0.0001
uR	429.000000	0.000000	0.442596	0.0001
uR	430.000000	0.000000	0.441419	0.0001
uR	431.000000	0.000000	0.440252	0.0001
uR	432.000000	0.000000	0.439099	0.0001
uR	433.000000	0.000000	0.43797	0.0001
uR	434.000000	0.000000	0.436852	0.0001
uR	435.000000	0.000000	0.435745	0.0001
uR	436.000000	0.000000	0.434662	0.0001
uR	437.000000	0.000000	0.433587	0.0001
uR	438.000000	0.000000	0.432526	0.0001
uR	439.000000	0.000000	0.431484	0.0001
uR	440.000000	0.000000	0.43045	0.0001
uR	441.000000	0.000000	0.429432	0.0001
uR	442.000000	0.000000	0.42843	0.0001
uR	443.000000	0.000000	0.427434	0.0001
uR	444.000000	0.000000	0.426458	0.0001
uR	445.000000	0.000000	0.425492	0.0001
uR	446.000000	0.000000	0.424533	0.0001
uR	447.000000	0.000000	0.423595	0.0001
uR	448.000000	0.000000	0.422663	0.0001
uR	449.000000	0.000000	0.421744	0.0001
uR	450.000000	0.000000	0.420839	0.0001
uR	451.000000	0.000000	0.419939	0.0001
uR	452.000000	0.000000	0.419057	0.0001
uR	453.000000	0.000000	0.418183	0.0001
uR	454.000000	0.000000	0.417318	0.0001
uR	455.000000	0.000000	0.416469	0.0001
uR	456.000000	0.000000	0.415623	0.0001
uR	457.000000	0.000000	0.414795	0.0001
uR	458.000000	0.000000	0.413973	0.0001
uR	459.000000	0.000000	0.41316	0.0001
uR	460.000000	0.000000	0.412361	0.0001
uR	461.000000	0.000000	0.411565	0.0001
uR	462.000000	0.000000	0.410787	0.0001
uR	463.000000	0.000000	0.410013	0.0001
uR	464.000000	0.000000	0.40925	0.0001
uR	465.000000	0.000000	0.408497	0.0001
uR	466.000000	0.000000	0.407749	0.0001
uR	467.000000	0.000000	0.407016	0.0001
uR	468.000000	0.000000	0.406284	0.0001
uR	469.000000	0.000000	0.405569	0.0001
uR	470.000000	0.000000	0.404857	0.0001
uR	471.000000	0.000000	0.404156	0.0001
uR	472.000000	0.000000	0.403463	0.0001
uR	473.000000	0.000000	0.402776	0.0001
uR	474.000000	0.000000	0.402101	0.0001
uR	475.000000	0.000000	0.401428	0.0001
uR	476.000000	0.000000	0.40077	0.0001
uR	477.000000	0.000000	0.400113	0.0001
uR	478.000000	0.000000	0.39947	0.0001
uR	479.000000	0.000000	0.398829	0.0001
uR	480.000000	0.000000	0.398199	0.0001
uR	481.000000	0.000000	0.397574	0.0001
uR	482.000000	0.000000	0.396958	0.0001
uR	483.000000	0.000000	0.396348	0.0001
uR	484.000000	0.000000	0.395744	0.0001
uR	485.000000	0.000000	0.395149	0.0001
uR	486.000000	0.000000	0.394558	0.0001
uR	487.000000	0.000000	0.393977	0.0001
uR	488.000000	0.000000	0.393399	0.0001
uR	489.000000	0.000000	0.392831	0.0001
uR	490.000000	0.000000	0.392265	0.0001
uR	491.000000	0.000000	0.391711	0.0001
uR	492.000000	0.000000	0.391156	0.0001
uR	493.000000	0.000000	0.390615	0.0001
uR	494.000000	0.000000	0.390072	0.0001
uR	495.000000	0.000000	0.389543	0.0001
uR	496.000000	0.000000	0.389012	0.0001
uR	497.000000	0.000000	0.388494	0.0001
uR	498.000000	0.000000	0.387974	0.0001
uR	499.000000	0.000000	0.387468	0.0001
uR	500.000000	0.000000	0.386959	0.0001
uR	501.000000	0.000000	0.386463	0.0001
uR	502.000000	0.000000	0.385966	0.0001
uR	503.000000	0.000000	0.38548	0.0001
uR	504.000000	0.000000	0.384993	0.0001
uR	505.000000	0.000000	0.384517	0.0001
uR	506.000000	0.000000	0.384041	0.0001
uR	507.000000	0.000000	0.383575	0.0001
uR	508.000000	0.000000	0.383108	0.0001
uR	509.000000	0.000000	0.382651	0.0001
uR	510.000000	0.000000	0.382195	0.0001
uR	511.000000	0.000000	0.381746	0.0001
uR	512.000000	0.000000	0.3813	0.0001
uR	513.000000	0.000000	0.380859	0.0001
uR	514.000000	0.000000	0.380422	0.0001
uR	515.000000	0.000000	0.37999	0.0001
uR	516.000000	0.000000	0.379562	0.0001
uR	517.000000	0.000000	0.379137	0.0001
uR	518.000000	0.000000	0.378718	0.0001
uR	519.000000	0.000000	0.378301	0.0001
uR	520.000000	0.000000	0.377891	0.0001
uR	521.000000	0.000000	0.37748	0.0001
uR	522.000000	0.000000	0.377079	0.0001
uR	523.000000	0.000000	0.376677	0.0001
uR	524.000000	0.000000	0.376282	0.0001
uR	525.000000	0.000000	0.375889	0.0001
uR	526.000000	0.000000	0.3755	0.0001
uR	527.000000	0.000000	0.375115	0.0001
uR	528.000000	0.000000	0.374732	0.0001
uR	529.000000	0.000000	0.374354	0.0001
uR	530.000000	0.000000	0.373977	0.0001
uR	531.000000	0.000000	0.373607	0.0001
uR	532.000000	0.000000	0.373237	0.0001
uR	533.000000	0.000000	0.372873	0.0001
uR	534.000000	0.000000	0.372511	0.0001
uR	535.000000	0.000000	0.372152	0.0001
uR	536.000000	0.000000	0.371797	0.0001
uR	537.000000	0.000000	0.371443	0.0001
uR	538.000000	0.000000	0.371095	0.0001
uR	539.000000	0.000000	0.370746	0.0001
uR	540.000000	0.000000	0.370404	0.0001
uR	541.000000	0.000000	0.370063	0.0001
uR	542.000000	0.000000	0.369725	0.0001
uR	543.000000	0.000000	0.36939	0.0001
uR	544.000000	0.000000	0.369056	0.0001
uR	545.000000	0.000000	0.368729	0.0001
uR	546.000000	0.000000	0.3684	0.0001
uR	547.000000	0.000000	0.368077	0.0001
uR	548.000000	0.000000	0.367756	0.0001
uR	549.000000	0.000000	0.367436	0.0001
uR	550.000000	0.000000	0.367121	0.0001
uR	551.000000	0.000000	0.366805	0.0001
uR	552.000000	0.000000	0.366496	0.0001
uR	553.000000	0.000000	0.366186	0.0001
uR	554.000000	0.000000	0.36588	0.0001
uR	555.000000	0.000000	0.365577	0.0001
uR	556.000000	0.000000	0.365274	0.0001
uR	557.000000	0.000000	0.364976	0.0001
uR	558.000000	0.000000	0.364679	0.0001
uR	559.000000	0.000000	0.364385	0.0001
uR	560.000000	0.000000	0.364093	0.0001
uR	561.000000	0.000000	0.363802	0.0001
uR	562.000000	0.000000	0.363516	0.0001
uR	563.000000	0.000000	0.36323	0.0001
uR	564.000000	0.000000	0.362946	0.0001
uR	565.000000	0.000000	0.362666	0.0001
uR	566.000000	0.000000	0.362385	0.0001
uR	567.000000	0.000000	0.36211	0.0001
uR	568.000000	0.000000	0.361835	0.0001
uR	569.000000	0.000000	0.361561	0.0001
uR	570.000000	0.000000	0.361291	0.0001
uR	571.000000	0.000000	0.361022	0.0001
uR	572.000000	0.000000	0.360755	0.0001
uR	573.000000	0.000000	0.360491	0.0001
uR	574.000000	0.000000	0.360226	0.0001
uR	575.000000	0.000000	0.359966	0.0001
uR	576.000000	0.000000	0.359707	0.0001
uR	577.000000	0.000000	0.359449	0.0001
uR	578.000000	0.000000	0.359195	0.0001
uR	579.000000	0.000000	0.35894	0.0001
uR	580.000000	0.000000	0.358689	0.0001
uR	581.000000	0.000000	0.358439	0.0001
uR	582.000000	0.000000	0.358189	0.0001
uR	583.000000	0.000000	0.357944	0.0001
uR	584.000000	0.000000	0.357699	0.0001
uR	585.000000	0.000000	0.357455	0.0001
uR	586.000000	0.000000	0.357215	0.0001
uR	587.000000	0.000000	0.356974	0.0001
uR	588.000000	0.000000	0.356736	0.0001
uR	589.000000	0.000000	0.3565	0.0001
uR	590.000000	0.000000	0.356265	0.0001
uR	591.000000	0.000000	0.356031	0.0001
uR	592.000000	0.000000	0.3558	0.0001
uR	593.000000	0.000000	0.355569	0.0001
uR	594.000000	0.000000	0.355341	0.0001
uR	595.000000	0.000000	0.355115	0.0001
uR	596.000000	0.000000	0.354888	0.0001
uR	597.000000	0.000000	0.354665	0.0001
uR	598.000000	0.000000	0.354442	0.0001
uR	599.000000	0.000000	0.35422	0.0001
uR	600.000000	0.000000	0.354002	0.0001
uR	601.000000	0.000000	0.353783	0.0001
uR	602.000000	0.000000	0.353565	0.0001
uR	603.000000	0.000000	0.353351	0.0001
uR	604.000000	0.000000	0.353137	0.0001
uR	605.000000	0.000000	0.352924	0.0001
uR	606.000000	0.000000	0.352714	0.0001
uR	607.000000	0.000000	0.352504	0.0001
uR	608.000000	0.000000	0.352294	0.0001
uR	609.000000	0.000000	0.352088	0.0001
uR	610.000000	0.000000	0.351882	0.0001
uR	611.000000	0.000000	0.351677	0.0001
uR	612.000000	0.000000	0.351475	0.0001
uR	613.000000	0.000000	0.351273	0.0001
uR	614.000000	0.000000	0.351071	0.0001
uR	615.000000	0.000000	0.350873	0.0001
uR	616.000000	0.000000	0.350675	0.0001
uR	617.000000	0.000000	0.350477	0.0001
uR	618.000000	0.000000	0.350282	0.0001
uR	619.000000	0.000000	0.350088	0.0001
uR	620.000000	0.000000	0.349893	0.0001
uR	621.000000	0.000000	0.349703	0.0001
uR	622.000000	0.000000	0.349512	0.0001
uR	623.000000	0.000000	0.349321	0.0001
uR	624.000000	0.000000	0.349133	0.0001
uR	625.000000	0.000000	0.348946	0.0001
uR	626.000000	0.000000	0.348759	0.0001
uR	627.000000	0.000000	0.348575	0.0001
uR	628.000000	0.000000	0.348391	0.0001
uR	629.000000	0.000000	0.348207	0.0001
uR	630.000000	0.000000	0.348026	0.0001
uR	631.000000	0.000000	0.347846	0.0001
uR	632.000000	0.000000	0.347666	0.0001
uR	633.000000	0.000000	0.347487	0.0001
uR	634.000000	0.000000	0.34731	0.0001
uR	635.000000	0.000000	0.347133	0.0001
uR	636.000000	0.000000	0.346957	0.0001
uR	637.000000	0.000000	0.346784	0.0001
uR	638.000000	0.000000	0.346611	0.0001
uR	639.000000	0.000000	0.346437	0.0001
uR	640.000000	0.000000	0.346267	0.0001
uR	641.000000	0.000000	0.346097	0.0001
uR	642.000000	0.000000	0.345927	0.0001
uR	643.000000	0.000000	0.345758	0.0001
uR	644.000000	0.000000	0.345592	0.0001
uR	645.000000	0.000000	0.345425	0.0001
uR	646.000000	0.000000	0.345259	0.0001
uR	647.000000	0.000000	0.345095	0.0001
uR	648.000000	0.000000	0.344932	0.0001
uR	649.000000	0.000000	0.344768	0.0001
uR	650.000000	0.000000	0.344607	0.0001
uR	651.000000	0.000000	0.344447	0.0001
uR	652.000000	0.000000	0.344286	0.0001
uR	653.000000	0.000000	0.344127	0.0001
uR	654.000000	0.000000	0.34397	0.0001
uR	655.000000	0.000000	0.343812	0.0001
uR	656.000000	0.000000	0.343655	0.0001
uR	657.000000	0.000000	0.343501	0.0001
uR	658.000000	0.000000	0.343346	0.0001
uR	659.000000	0.000000	0.343192	0.0001
uR	660.000000	0.000000	0.343039	0.0001
uR	661.000000	0.000000	0.342888	0.0001
uR	662.000000	0.000000	0.342736	0.0001
uR	663.000000	0.000000	0.342585	0.0001
uR	664.000000	0.000000	0.342436	0.0001
uR	665.000000	0.000000	0.342288	0.0001
uR	666.000000	0.000000	0.34214	0.0001
uR	667.000000	0.000000	0.341992	0.0001
uR	668.000000	0.000000	0.341847	0.0001
uR	669.000000	0.000000	0.341701	0.0001
uR	670.000000	0.000000	0.341556	0.0001
uR	671.000000	0.000000	0.341412	0.0001
uR	672.000000	0.000000	0.34127	0.0001
uR	673.000000	0.000000	0.341127	0.0001
uR	674.000000	0.000000	0.340984	0.0001
uR	675.000000	0.000000	0.340845	0.0001
uR	676.000000	0.000000	0.340705	0.0001
uR	677.000000	0.000000	0.340565	0.0001
uR	678.000000	0.000000	0.340426	0.0001
uR	679.000000	0.000000	0.340289	0.0001
uR	680.000000	0.000000	0.340152	0.0001
uR	681.000000	0.000000	0.340014	0.0001
uR	682.000000	0.000000	0.339879	0.0001
uR	683.000000	0.000000	0.339745	0.0001
uR	684.000000	0.000000	0.33961	0.0001
uR	685.000000	0.000000	0.339476	0.0001
uR	686.000000	0.000000	0.339344	0.0001
uR	687.000000	0.000000	0.339212	0.0001
uR	688.000000	0.000000	0.33908	0.0001
uR	689.000000	0.000000	0.338948	0.0001
uR	690.000000	0.000000	0.338819	0.0001
uR	691.000000	0.000000	0.33869	0.0001
uR	692.000000	0.000000	0.338561	0.0001
uR	693.000000	0.000000	0.338432	0.0001
uR	694.000000	0.000000	0.338305	0.0001
uR	695.000000	0.000000	0.338179	0.0001
uR	696.000000	0.000000	0.338052	0.0001
uR	697.000000	0.000000	0.337926	0.0001
uR	698.000000	0.000000	0.337802	0.0001
uR	699.000000	0.000000	0.337678	0.0001
uR	700.000000	0.000000	0.337553	0.0001
uR	701.000000	0.000000	0.33743	0.0001
uR	702.000000	0.000000	0.337309	0.0001
uR	703.000000	0.000000	0.337187	0.0001
uR	704.000000	0.000000	0.337065	0.0001
uR	705.000000	0.000000	0.336944	0.0001
uR	706.000000	0.000000	0.336825	0.0001
uR	707.000000	0.000000	0.336706	0.0001
uR	708.000000	0.000000	0.336586	0.0001
uR	709.000000	0.000000	0.336468	0.0001
uR	710.000000	0.000000	0.336351	0.0001
uR	711.000000	0.000000	0.336234	0.0001
uR	712.000000	0.000000	0.336117	0.0001
uR	713.000000	0.000000	0.336001	0.0001
uR	714.000000	0.000000	0.335887	0.0001
uR	715.000000	0.000000	0.335772	0.0001
uR	716.000000	0.000000	0.335657	0.0001
uR	717.000000	0.000000	0.335543	0.0001
uR	718.000000	0.000000	0.335431	0.0001
uR	719.000000	0.000000	0.335319	0.0001
uR	720.000000	0.000000	0.335206	0.0001
uR	721.000000	0.000000	0.335094	0.0001
uR	722.000000	0.000000	0.334984	0.0001
uR	723.000000	0.000000	0.334874	0.0001
uR	724.000000	0.000000	0.334764	0.0001
uR	725.000000	0.000000	0.334654	0.0001
uR	726.000000	0.000000	0.334546	0.0001
uR	727.000000	0.000000	0.334438	0.0001
uR	728.000000	0.000000	0.33433	0.0001
uR	729.000000	0.000000	0.334222	0.0001
uR	730.000000	0.000000	0.334116	0.0001
uR	731.000000	0.000000	0.33401	0.0001
uR	732.000000	0.000000	0.333904	0.0001
uR	733.000000	0.000000	0.333799	0.0001
uR	734.000000	0.000000	0.333694	0.0001
uR	735.000000	0.000000	0.33359	0.0001
uR	736.000000	0.000000	0.333487	0.0001
uR	737.000000	0.000000	0.333383	0.0001
uR	738.000000	0.000000	0.33328	0.0001
uR	739.000000	0.000000	0.333178	0.0001
uR	740.000000	0.000000	0.333077	0.0001
uR	741.000000	0.000000	0.332975	0.0001
uR	742.000000	0.000000	0.332874	0.0001
uR	743.000000	0.000000	0.332773	0.0001
uR	744.000000	0.000000	0.332674	0.0001
uR	745.000000	0.000000	0.332575	0.0001
uR	746.000000	0.000000	0.332476	0.0001
uR	747.000000	0.000000	0.332376	0.0001
uR	748.000000	0.000000	0.332279	0.0001
uR	749.000000	0.000000	0.332182	0.0001
uR	750.000000	0.000000	0.332084	0.0001
uR	751.000000	0.000000	0.331987	0.0001
uR	752.000000	0.000000	0.331891	0.0001
uR	753.000000	0.000000	0.331795	0.0001
uR	754.000000	0.000000	0.3317	0.0001
uR	755.000000	0.000000	0.331605	0.0001
uR	756.000000	0.000000	0.331509	0.0001
uR	757.000000	0.000000	0.331416	0.0001
uR	758.000000	0.000000	0.331323	0.0001
uR	759.000000	0.000000	0.331229	0.0001
uR	760.000000	0.000000	0.331136	0.0001
uR	761.000000	0.000000	0.331043	0.0001
uR	762.000000	0.000000	0.330952	0.0001
uR	763.000000	0.000000	0.33086	0.0001
uR	764.000000	0.000000	0.330769	0.0001
uR	765.000000	0.000000	0.330677	0.0001
uR	766.000000	0.000000	0.330587	0.0001
uR	767.000000	0.000000	0.330498	0.0001
uR	768.000000	0.000000	0.330408	0.0001
uR	769.000000	0.000000	0.330319	0.0001
uR	770.000000	0.000000	0.330229	0.0001
uR	771.000000	0.000000	0.330141	0.0001
uR	772.000000	0.000000	0.330054	0.0001
uR	773.000000	0.000000	0.329966	0.0001
uR	774.000000	0.000000	0.329878	0.0001
uR	775.000000	0.000000	0.329791	0.0001
uR	776.000000	0.000000	0.329705	0.0001
uR	777.000000	0.000000	0.329619	0.0001
uR	778.000000	0.000000	0.329533	0.0001
uR	779.000000	0.000000	0.329448	0.0001
uR	780.000000	0.000000	0.329362	0.0001
uR	781.000000	0.000000	0.329278	0.0001
uR	782.000000	0.000000	0.329194	0.0001
uR	783.000000	0.000000	0.32911	0.0001
uR	784.000000	0.000000	0.329026	0.0001
uR	785.000000	0.000000	0.328942	0.0001
uR	786.000000	0.000000	0.32886	0.0001
uR	787.000000	0.000000	0.328778	0.0001
uR	788.000000	0.000000	0.328696	0.0001
uR	789.000000	0.000000	0.328614	0.0001
uR	790.000000	0.000000	0.328532	0.0001
uR	791.000000	0.000000	0.328451	0.0001
uR	792.000000	0.000000	0.328371	0.0001
uR	793.000000	0.000000	0.32829	0.0001
uR	794.000000	0.000000	0.32821	0.0001
uR	795.000000	0.000000	0.328129	0.0001
uR	796.000000	0.000000	0.328051	0.0001
uR	797.000000	0.000000	0.327972	0.0001
uR	798.000000	0.000000	0.327893	0.0001
uR	799.000000	0.000000	0.327815	0.0001
uR	800.000000	0.000000	0.327736	0.0001
uR	801.000000	0.000000	0.327659	0.0001
uR	802.000000	0.000000	0.327582	0.0001
uR	803.000000	0.000000	0.327505	0.0001
uR	804.000000	0.000000	0.327428	0.0001
uR	805.000000	0.000000	0.32735	0.0001
uR	806.000000	0.000000	0.327275	0.0001
uR	807.000000	0.000000	0.327199	0.0001
uR	808.000000	0.000000	0.327124	0.0001
uR	809.000000	0.000000	0.327049	0.0001
uR	810.000000	0.000000	0.326973	0.0001
uR	811.000000	0.000000	0.326899	0.0001
uR	812.000000	0.000000	0.326825	0.0001
uR	813.000000	0.000000	0.326751	0.0001
uR	814.000000	0.000000	0.326677	0.0001
uR	815.000000	0.000000	0.326603	0.0001
uR	816.000000	0.000000	0.32653	0.0001
uR	817.000000	0.000000	0.326458	0.0001
uR	818.000000	0.000000	0.326386	0.0001
uR	819.000000	0.000000	0.326313	0.0001
uR	820.000000	0.000000	0.326241	0.0001
uR	821.000000	0.000000	0.326169	0.0001
uR	822.000000	0.000000	0.326098	0.0001
uR	823.000000	0.000000	0.326028	0.0001
uR	824.000000	0.000000	0.325957	0.0001
uR	825.000000	0.000000	0.325886	0.0001
uR	826.000000	0.000000	0.325816	0.0001
uR	827.000000	0.000000	0.325746	0.0001
uR	828.000000	0.000000	0.325677	0.0001
uR	829.000000	0.000000	0.325608	0.0001
uR	830.000000	0.000000	0.325539	0.0001
uR	831.000000	0.000000	0.32547	0.0001
uR	832.000000	0.000000	0.3254	0.0001
uR	833.000000	0.000000	0.325333	0.0001
uR	834.000000	0.000000	0.325265	0.0001
uR	835.000000	0.000000	0.325198	0.0001
uR	836.000000	0.000000	0.32513	0.0001
uR	837.000000	0.000000	0.325062	0.0001
uR	838.000000	0.000000	0.324995	0.0001
uR	839.000000	0.000000	0.324929	0.0001
uR	840.000000	0.000000	0.324863	0.0001
uR	841.000000	0.000000	0.324797	0.0001
uR	842.000000	0.000000	0.324731	0.0001
uR	843.000000	0.000000	0.324665	0.0001
uR	844.000000	0.000000	0.3246	0.0001
uR	845.000000	0.000000	0.324535	0.0001
uR	846.000000	0.000000	0.324471	0.0001
uR	847.000000	0.000000	0.324406	0.0001
uR	848.000000	0.000000	0.324341	0.0001
uR	849.000000	0.000000	0.324277	0.0001
uR	850.000000	0.000000	0.324213	0.0001
uR	851.000000	0.000000	0.32415	0.0001
uR	852.000000	0.000000	0.324087	0.0001
uR	853.000000	0.000000	0.324024	0.0001
uR	854.000000	0.000000	0.323961	0.0001
uR	855.000000	0.000000	0.323898	0.0001
uR	856.000000	0.000000	0.323836	0.0001
uR	857.000000	0.000000	0.323774	0.0001
uR	858.000000	0.000000	0.323712	0.0001
uR	859.000000	0.000000	0.323651	0.0001
uR	860.000000	0.000000	0.323589	0.0001
uR	861.000000	0.000000	0.323527	0.0001
uR	862.000000	0.000000	0.323467	0.0001
uR	863.000000	0.000000	0.323407	0.0001
uR	864.000000	0.000000	0.323346	0.0001
uR	865.000000	0.000000	0.323286	0.0001
uR	866.000000	0.000000	0.323226	0.0001
uR	867.000000	0.000000	0.323165	0.0001
uR	868.000000	0.000000	0.323106	0.0001
uR	869.000000	0.000000	0.323047	0.0001
uR	870.000000	0.000000	0.322988	0.0001
uR	871.000000	0.000000	0.322929	0.0001
uR	872.000000	0.000000	0.32287	0.0001
uR	873.000000	0.000000	0.322811	0.0001
uR	874.000000	0.000000	0.322754	0.0001
uR	875.000000	0.000000	0.322696	0.0001
uR	876.000000	0.000000	0.322638	0.0001
uR	877.000000	0.000000	0.322581	0.0001
uR	878.000000	0.000000	0.322523	0.0001
uR	879.000000	0.000000	0.322466	0.0001
uR	880.000000	0.000000	0.322409	0.0001
uR	881.000000	0.000000	0.322353	0.0001
uR	882.000000	0.000000	0.322296	0.0001
uR	883.000000	0.000000	0.32224	0.0001
uR	884.000000	0.000000	0.322184	0.0001
uR	885.000000	0.000000	0.322128	0.0001
uR	886.000000	0.000000	0.322072	0.0001
uR	887.000000	0.000000	0.322017	0.0001
uR	888.000000	0.000000	0.321962	0.0001
uR	889.000000	0.000000	0.321907	0.0001
uR	890.000000	0.000000	0.321852	0.0001
uR	891.000000	0.000000	0.321797	0.0001
uR	892.000000	0.000000	0.321742	0.0001
uR	893.000000	0.000000	0.321688	0.0001
uR	894.000000	0.000000	0.321635	0.0001
uR	895.000000	0.000000	0.321581	0.0001
uR	896.000000	0.000000	0.321527	0.0001
uR	897.000000	0.000000	0.321474	0.0001
uR	898.000000	0.000000	0.32142	0.0001
uR	899.000000	0.000000	0.321367	0.0001
uR	900.000000	0.000000	0.321314	0.0001